1.497781080000000000e+09 2.130002800000000036e+02
1.497781140000000000e+09 2.130002800000000036e+02
1.497781200000000000e+09 2.130002800000000036e+02
1.497781260000000000e+09 2.130002800000000036e+02
1.497781560000000000e+09 2.130002800000000036e+02
1.497781620000000000e+09 2.130007200000000012e+02
1.497781680000000000e+09 2.130007200000000012e+02
1.497781740000000000e+09 2.130007200000000012e+02
1.497781800000000000e+09 2.130007200000000012e+02
1.497781980000000000e+09 2.130007200000000012e+02
1.497782040000000000e+09 2.130007200000000012e+02
1.497782340000000000e+09 2.130007200000000012e+02
1.497782400000000000e+09 2.217764500000000112e+02
1.497782520000000000e+09 2.217764500000000112e+02
1.497782580000000000e+09 2.217764500000000112e+02
1.497782640000000000e+09 2.220727599999999882e+02
1.497782700000000000e+09 2.223457899999999938e+02
1.497782760000000000e+09 2.223457899999999938e+02
1.497782820000000000e+09 2.223457899999999938e+02
1.497782880000000000e+09 2.223457899999999938e+02
1.497783120000000000e+09 2.223457899999999938e+02
1.497783180000000000e+09 2.223457899999999938e+02
1.497783240000000000e+09 2.230000000000000000e+02
1.497783420000000000e+09 2.230000000000000000e+02
1.497783480000000000e+09 2.230000000000000000e+02
1.497784140000000000e+09 2.230000000000000000e+02
1.497784200000000000e+09 2.230000000000000000e+02
1.497784380000000000e+09 2.230000000000000000e+02
1.497784440000000000e+09 2.230000000000000000e+02
1.497784500000000000e+09 2.230000000000000000e+02
1.497784560000000000e+09 2.230000000000000000e+02
1.497784620000000000e+09 2.230000000000000000e+02
1.497784680000000000e+09 2.230000000000000000e+02
