1.494184080000000000e+09 8.521898000000000195e+01
1.494184140000000000e+09 8.520005999999999347e+01
1.494184200000000000e+09 8.546710000000000207e+01
1.494184260000000000e+09 8.520000000000000284e+01
1.494184320000000000e+09 8.544998999999999967e+01
1.494184380000000000e+09 8.522213999999999601e+01
1.494184440000000000e+09 8.523010999999999626e+01
1.494184500000000000e+09 8.545000000000000284e+01
1.494184560000000000e+09 8.544989999999999952e+01
1.494184620000000000e+09 8.545000000000000284e+01
