1.497781080000000000e+09 5.788182000000000049e-02
1.497781140000000000e+09 5.844710999999999657e-02
1.497781260000000000e+09 5.844710999999999657e-02
1.497781320000000000e+09 5.843704000000000259e-02
1.497781380000000000e+09 5.806498999999999688e-02
1.497781440000000000e+09 5.843001999999999918e-02
1.497781500000000000e+09 5.843001999999999918e-02
1.497781560000000000e+09 5.806586999999999860e-02
1.497781620000000000e+09 5.840001000000000220e-02
1.497781680000000000e+09 5.849900000000000239e-02
1.497781740000000000e+09 5.865925999999999779e-02
1.497781800000000000e+09 5.865925000000000306e-02
1.497781860000000000e+09 5.865925999999999779e-02
1.497781920000000000e+09 5.865926999999999947e-02
1.497781980000000000e+09 5.866027000000000047e-02
1.497782040000000000e+09 5.866027000000000047e-02
1.497782100000000000e+09 5.865828000000000014e-02
1.497782160000000000e+09 5.808301999999999909e-02
1.497782220000000000e+09 5.808301999999999909e-02
1.497782340000000000e+09 5.808301999999999909e-02
1.497782400000000000e+09 5.888979999999999909e-02
1.497782460000000000e+09 5.890294000000000085e-02
1.497782580000000000e+09 5.890294000000000085e-02
1.497782640000000000e+09 5.818689999999999973e-02
1.497782700000000000e+09 5.845183999999999797e-02
1.497782820000000000e+09 5.845183999999999797e-02
1.497782880000000000e+09 5.854070000000000107e-02
1.497782940000000000e+09 5.854070000000000107e-02
1.497783000000000000e+09 5.899999999999999689e-02
1.497783420000000000e+09 5.899999999999999689e-02
1.497783480000000000e+09 5.899999999999999689e-02
1.497783600000000000e+09 5.899999999999999689e-02
1.497783660000000000e+09 5.891622999999999999e-02
1.497783780000000000e+09 5.891622999999999999e-02
1.497783840000000000e+09 5.891622999999999999e-02
1.497783900000000000e+09 5.891624000000000166e-02
1.497783960000000000e+09 5.891620999999999664e-02
1.497784020000000000e+09 5.891620999999999664e-02
1.497784080000000000e+09 5.899999999999999689e-02
1.497784380000000000e+09 5.899999999999999689e-02
1.497784440000000000e+09 5.899999999999999689e-02
1.497784500000000000e+09 5.898689000000000016e-02
1.497784560000000000e+09 5.898689000000000016e-02
1.497784620000000000e+09 5.867729000000000000e-02
1.497784680000000000e+09 5.867729000000000000e-02
