1.497781080000000000e+09 1.882000000000000028e+01
1.497781140000000000e+09 1.882000000000000028e+01
1.497781200000000000e+09 1.882000000000000028e+01
1.497781260000000000e+09 1.882000000000000028e+01
1.497781320000000000e+09 1.882003999999999877e+01
1.497781380000000000e+09 1.882003999999999877e+01
1.497781440000000000e+09 1.882013999999999854e+01
1.497781500000000000e+09 1.883002000000000109e+01
1.497781560000000000e+09 1.883002000000000109e+01
1.497781620000000000e+09 1.883002000000000109e+01
1.497781680000000000e+09 1.904999000000000109e+01
1.497781740000000000e+09 1.906924000000000063e+01
1.497781800000000000e+09 1.910020000000000095e+01
1.497781860000000000e+09 1.915322000000000102e+01
1.497781920000000000e+09 1.916000000000000014e+01
1.497781980000000000e+09 1.916000000000000014e+01
1.497782040000000000e+09 1.906041000000000096e+01
1.497782160000000000e+09 1.906041000000000096e+01
1.497782220000000000e+09 1.925337000000000032e+01
1.497782280000000000e+09 1.910009000000000157e+01
1.497782340000000000e+09 1.928159000000000134e+01
1.497782400000000000e+09 1.928159000000000134e+01
1.497782460000000000e+09 1.928154999999999930e+01
1.497782520000000000e+09 1.903999999999999915e+01
1.497782580000000000e+09 1.914000000000000057e+01
1.497782640000000000e+09 1.912449000000000154e+01
1.497782700000000000e+09 1.912446999999999875e+01
1.497782760000000000e+09 1.911996999999999858e+01
1.497782820000000000e+09 1.928151000000000082e+01
1.497782880000000000e+09 1.926796999999999827e+01
1.497783000000000000e+09 1.926796999999999827e+01
1.497783060000000000e+09 1.912089999999999890e+01
1.497783120000000000e+09 1.912089999999999890e+01
1.497783180000000000e+09 1.912089999999999890e+01
1.497783240000000000e+09 1.925000000000000000e+01
1.497783300000000000e+09 1.924999000000000038e+01
1.497783360000000000e+09 1.925000000000000000e+01
1.497783420000000000e+09 1.925000000000000000e+01
1.497783480000000000e+09 1.912040000000000006e+01
1.497783540000000000e+09 1.912040000000000006e+01
1.497783600000000000e+09 1.930000000000000071e+01
1.497783660000000000e+09 1.930000000000000071e+01
1.497783720000000000e+09 1.930983000000000160e+01
1.497783780000000000e+09 1.920014000000000109e+01
1.497783840000000000e+09 1.919999999999999929e+01
1.497783900000000000e+09 1.925587000000000160e+01
1.497783960000000000e+09 1.934440000000000026e+01
1.497784020000000000e+09 1.933799000000000134e+01
1.497784080000000000e+09 1.933793000000000006e+01
1.497784140000000000e+09 1.933793000000000006e+01
1.497784200000000000e+09 1.933776999999999902e+01
1.497784260000000000e+09 1.933772000000000091e+01
1.497784320000000000e+09 1.933772000000000091e+01
1.497784380000000000e+09 1.920600999999999914e+01
1.497784440000000000e+09 1.918535999999999930e+01
1.497784500000000000e+09 1.916547999999999874e+01
1.497784560000000000e+09 1.916499999999999915e+01
1.497784620000000000e+09 1.912000000000000099e+01
1.497784680000000000e+09 1.892004999999999981e+01
