1.497781080000000000e+09 1.413000000000000089e-01
1.497781140000000000e+09 1.414999999999999869e-01
1.497781200000000000e+09 1.413079999999999892e-01
1.497781260000000000e+09 1.413079999999999892e-01
1.497781320000000000e+09 1.413220000000000032e-01
1.497781440000000000e+09 1.413220000000000032e-01
1.497781500000000000e+09 1.413300000000000112e-01
1.497781560000000000e+09 1.413449999999999984e-01
1.497781620000000000e+09 1.413449999999999984e-01
1.497781680000000000e+09 1.413449999999999984e-01
1.497781740000000000e+09 1.413449999999999984e-01
1.497781800000000000e+09 1.413379999999999914e-01
1.497781860000000000e+09 1.413240000000000052e-01
1.497781920000000000e+09 1.413240000000000052e-01
1.497781980000000000e+09 1.413280000000000092e-01
1.497782040000000000e+09 1.421199999999999963e-01
1.497782100000000000e+09 1.413339999999999874e-01
1.497782160000000000e+09 1.413339999999999874e-01
1.497782220000000000e+09 1.413339999999999874e-01
1.497782280000000000e+09 1.413339999999999874e-01
1.497782340000000000e+09 1.413339999999999874e-01
1.497782400000000000e+09 1.413550000000000084e-01
1.497782460000000000e+09 1.413550000000000084e-01
1.497782520000000000e+09 1.413550000000000084e-01
1.497782580000000000e+09 1.413550000000000084e-01
1.497782640000000000e+09 1.427039999999999975e-01
1.497782700000000000e+09 1.413629999999999887e-01
1.497782760000000000e+09 1.413629999999999887e-01
1.497782820000000000e+09 1.413639999999999897e-01
1.497782880000000000e+09 1.413659999999999917e-01
1.497782940000000000e+09 1.413659999999999917e-01
1.497783000000000000e+09 1.413719999999999977e-01
1.497783060000000000e+09 1.413719999999999977e-01
1.497783120000000000e+09 1.413719999999999977e-01
1.497783180000000000e+09 1.413719999999999977e-01
1.497783240000000000e+09 1.419549999999999979e-01
1.497783300000000000e+09 1.427049999999999985e-01
1.497783360000000000e+09 1.427049999999999985e-01
1.497783420000000000e+09 1.427049999999999985e-01
1.497783480000000000e+09 1.421000000000000041e-01
1.497783540000000000e+09 1.427100000000000035e-01
1.497783600000000000e+09 1.427100000000000035e-01
1.497783660000000000e+09 1.427059999999999995e-01
1.497783720000000000e+09 1.422609999999999986e-01
1.497783780000000000e+09 1.421999999999999931e-01
1.497783840000000000e+09 1.421999999999999931e-01
1.497783900000000000e+09 1.421999999999999931e-01
1.497783960000000000e+09 1.421999999999999931e-01
1.497784020000000000e+09 1.421999999999999931e-01
1.497784080000000000e+09 1.421999999999999931e-01
1.497784140000000000e+09 1.421199999999999963e-01
1.497784200000000000e+09 1.421999999999999931e-01
1.497784260000000000e+09 1.421199999999999963e-01
1.497784320000000000e+09 1.427059999999999995e-01
1.497784380000000000e+09 1.421199999999999963e-01
1.497784560000000000e+09 1.421199999999999963e-01
1.497784620000000000e+09 1.421999999999999931e-01
1.497784680000000000e+09 1.421379999999999866e-01
