1.497780960000000000e+09 3.229900000000000091e+02
1.497781020000000000e+09 3.239898900000000026e+02
1.497781080000000000e+09 3.239900000000000091e+02
1.497781140000000000e+09 3.229565600000000245e+02
1.497781200000000000e+09 3.241999400000000264e+02
1.497781260000000000e+09 3.242105000000000246e+02
1.497781320000000000e+09 3.249899300000000153e+02
1.497781380000000000e+09 3.249897700000000214e+02
1.497781440000000000e+09 3.250000000000000000e+02
1.497781500000000000e+09 3.250000000000000000e+02
1.497781560000000000e+09 3.249900000000000091e+02
1.497781620000000000e+09 3.249900000000000091e+02
1.497781680000000000e+09 3.249900000000000091e+02
1.497781740000000000e+09 3.259999900000000252e+02
1.497781800000000000e+09 3.259998499999999808e+02
1.497781860000000000e+09 3.258389000000000237e+02
1.497781920000000000e+09 3.260000000000000000e+02
1.497781980000000000e+09 3.260000000000000000e+02
1.497782040000000000e+09 3.266499999999999773e+02
1.497782100000000000e+09 3.266754399999999805e+02
1.497782160000000000e+09 3.267170199999999909e+02
1.497782220000000000e+09 3.269005000000000223e+02
1.497782280000000000e+09 3.261943499999999858e+02
1.497782340000000000e+09 3.269999900000000252e+02
1.497782400000000000e+09 3.270000000000000000e+02
1.497782460000000000e+09 3.269999900000000252e+02
1.497782520000000000e+09 3.270000000000000000e+02
1.497782580000000000e+09 3.265000200000000063e+02
1.497782640000000000e+09 3.267135400000000232e+02
1.497782700000000000e+09 3.270000000000000000e+02
1.497782760000000000e+09 3.270000000000000000e+02
1.497782820000000000e+09 3.270000000000000000e+02
1.497782880000000000e+09 3.265376899999999978e+02
1.497782940000000000e+09 3.267908300000000281e+02
1.497783000000000000e+09 3.269999300000000062e+02
1.497783060000000000e+09 3.250931800000000180e+02
1.497783120000000000e+09 3.251650099999999952e+02
1.497783180000000000e+09 3.270000000000000000e+02
1.497783240000000000e+09 3.272797899999999913e+02
1.497783300000000000e+09 3.269997999999999934e+02
1.497783360000000000e+09 3.269999900000000252e+02
1.497783420000000000e+09 3.269999900000000252e+02
1.497783480000000000e+09 3.269999900000000252e+02
1.497783540000000000e+09 3.270004999999999882e+02
1.497783600000000000e+09 3.273299999999999841e+02
1.497783660000000000e+09 3.270017300000000091e+02
1.497783720000000000e+09 3.250000099999999748e+02
1.497783780000000000e+09 3.252005100000000084e+02
1.497783840000000000e+09 3.269999900000000252e+02
1.497783900000000000e+09 3.270000000000000000e+02
1.497783960000000000e+09 3.269998499999999808e+02
1.497784020000000000e+09 3.269998299999999745e+02
1.497784080000000000e+09 3.270000000000000000e+02
1.497784140000000000e+09 3.274896699999999896e+02
1.497784200000000000e+09 3.275048300000000268e+02
1.497784260000000000e+09 3.273299999999999841e+02
1.497784320000000000e+09 3.275880500000000097e+02
1.497784380000000000e+09 3.266775000000000091e+02
1.497784440000000000e+09 3.270005600000000072e+02
1.497784500000000000e+09 3.251999999999999886e+02
1.497784560000000000e+09 3.250212500000000091e+02
1.497784620000000000e+09 3.250000000000000000e+02
