1.497781020000000000e+09 3.815511000000000053e+01
1.497781080000000000e+09 3.826500000000000057e+01
1.497781140000000000e+09 3.826500000000000057e+01
1.497781200000000000e+09 3.826500000000000057e+01
1.497781260000000000e+09 3.843500000000000227e+01
1.497781320000000000e+09 3.840400000000000347e+01
1.497781380000000000e+09 3.853699999999999903e+01
1.497781440000000000e+09 3.865001000000000175e+01
1.497781500000000000e+09 3.870700999999999681e+01
1.497781560000000000e+09 3.884899999999999665e+01
1.497781620000000000e+09 3.895933999999999742e+01
1.497781680000000000e+09 3.906900000000000261e+01
1.497781740000000000e+09 3.915699999999999648e+01
1.497781800000000000e+09 3.926098000000000354e+01
1.497781860000000000e+09 3.929999999999999716e+01
1.497781920000000000e+09 3.937272999999999712e+01
1.497781980000000000e+09 3.940500000000000114e+01
1.497782040000000000e+09 3.951100000000000279e+01
1.497782100000000000e+09 3.961899999999999977e+01
1.497782160000000000e+09 3.972498999999999825e+01
1.497782220000000000e+09 3.979999999999999716e+01
1.497782280000000000e+09 3.973494000000000170e+01
1.497782340000000000e+09 3.973494000000000170e+01
1.497782400000000000e+09 3.973494000000000170e+01
1.497782460000000000e+09 3.984000000000000341e+01
1.497782520000000000e+09 3.989999999999999858e+01
1.497782580000000000e+09 4.000000000000000000e+01
1.497782640000000000e+09 4.000000000000000000e+01
1.497782700000000000e+09 3.993195999999999657e+01
1.497782760000000000e+09 3.990010000000000190e+01
1.497782820000000000e+09 3.985099999999999909e+01
1.497782880000000000e+09 3.979999999999999716e+01
1.497782940000000000e+09 3.968800000000000239e+01
1.497783000000000000e+09 3.968800000000000239e+01
1.497783060000000000e+09 3.950001000000000317e+01
1.497783120000000000e+09 3.948599000000000103e+01
1.497783180000000000e+09 3.938400000000000034e+01
1.497783240000000000e+09 3.940982000000000340e+01
1.497783300000000000e+09 3.957000000000000028e+01
1.497783360000000000e+09 3.975000000000000000e+01
1.497783420000000000e+09 3.989999999999999858e+01
1.497783480000000000e+09 3.975999999999999801e+01
1.497783540000000000e+09 3.971000000000000085e+01
1.497783600000000000e+09 3.984998000000000218e+01
1.497783660000000000e+09 3.984998000000000218e+01
1.497783720000000000e+09 3.984998000000000218e+01
1.497783780000000000e+09 3.982901999999999987e+01
1.497783840000000000e+09 3.982900999999999669e+01
1.497783900000000000e+09 3.982800999999999902e+01
1.497783960000000000e+09 3.982800999999999902e+01
1.497784020000000000e+09 3.968699999999999761e+01
1.497784080000000000e+09 3.966100000000000136e+01
1.497784140000000000e+09 3.969599999999999795e+01
1.497784200000000000e+09 3.969599999999999795e+01
1.497784260000000000e+09 3.967900000000000205e+01
1.497784320000000000e+09 3.961599999999999966e+01
1.497784380000000000e+09 3.950000000000000000e+01
1.497784440000000000e+09 3.921300000000000097e+01
1.497784500000000000e+09 3.922299999999999898e+01
1.497784560000000000e+09 3.922299999999999898e+01
1.497784620000000000e+09 3.910501000000000005e+01
1.497784680000000000e+09 3.910499999999999687e+01
