1.497780960000000000e+09 2.716140000000000043e+01
1.497781020000000000e+09 2.728078000000000003e+01
1.497781080000000000e+09 2.728078000000000003e+01
1.497781140000000000e+09 2.728078000000000003e+01
1.497781260000000000e+09 2.728078000000000003e+01
1.497781320000000000e+09 2.714501999999999882e+01
1.497781380000000000e+09 2.728078000000000003e+01
1.497781440000000000e+09 2.728078000000000003e+01
1.497781500000000000e+09 2.728078000000000003e+01
1.497781560000000000e+09 2.728078000000000003e+01
1.497781620000000000e+09 2.728078000000000003e+01
1.497781800000000000e+09 2.728078000000000003e+01
1.497781860000000000e+09 2.719999999999999929e+01
1.497781920000000000e+09 2.703511999999999915e+01
1.497781980000000000e+09 2.719997000000000043e+01
1.497782040000000000e+09 2.719996000000000080e+01
1.497782220000000000e+09 2.719996000000000080e+01
1.497782280000000000e+09 2.719996000000000080e+01
1.497782340000000000e+09 2.719996000000000080e+01
1.497782400000000000e+09 2.738879999999999981e+01
1.497782460000000000e+09 2.738879999999999981e+01
1.497782520000000000e+09 2.738879999999999981e+01
1.497782580000000000e+09 2.738879999999999981e+01
1.497782700000000000e+09 2.738879999999999981e+01
1.497782760000000000e+09 2.738879999999999981e+01
1.497782820000000000e+09 2.738879999999999981e+01
1.497782880000000000e+09 2.738879999999999981e+01
1.497782940000000000e+09 2.738879999999999981e+01
1.497783060000000000e+09 2.738879999999999981e+01
1.497783120000000000e+09 2.738879999999999981e+01
1.497783180000000000e+09 2.738879999999999981e+01
1.497783240000000000e+09 2.738879999999999981e+01
1.497783300000000000e+09 2.738879999999999981e+01
1.497783360000000000e+09 2.738879999999999981e+01
1.497783420000000000e+09 2.738879999999999981e+01
1.497783600000000000e+09 2.738879999999999981e+01
1.497783660000000000e+09 2.738879999999999981e+01
1.497783720000000000e+09 2.738879999999999981e+01
1.497783840000000000e+09 2.738879999999999981e+01
1.497783900000000000e+09 2.738877000000000095e+01
1.497783960000000000e+09 2.738879999999999981e+01
1.497784020000000000e+09 2.738879999999999981e+01
1.497784080000000000e+09 2.738879999999999981e+01
1.497784140000000000e+09 2.738879999999999981e+01
1.497784200000000000e+09 2.738879999999999981e+01
1.497784260000000000e+09 2.738879000000000019e+01
1.497784320000000000e+09 2.738879000000000019e+01
1.497784380000000000e+09 2.738879000000000019e+01
1.497784440000000000e+09 2.725300000000000011e+01
1.497784500000000000e+09 2.719999999999999929e+01
1.497784560000000000e+09 2.719999999999999929e+01
1.497784620000000000e+09 2.719999999999999929e+01
