1.497781020000000000e+09 2.289900000000000091e+03
1.497781080000000000e+09 2.289900000000000091e+03
1.497781140000000000e+09 2.287414000000000215e+03
1.497781200000000000e+09 2.289891999999999825e+03
1.497781260000000000e+09 2.289891000000000076e+03
1.497781320000000000e+09 2.290456000000000131e+03
1.497781380000000000e+09 2.291000000000000000e+03
1.497781440000000000e+09 2.298998999999999796e+03
1.497781500000000000e+09 2.293786000000000058e+03
1.497781560000000000e+09 2.297000000000000000e+03
1.497781620000000000e+09 2.299000000000000000e+03
1.497781680000000000e+09 2.298000000000000000e+03
1.497781740000000000e+09 2.297947999999999865e+03
1.497781800000000000e+09 2.300000000000000000e+03
1.497781860000000000e+09 2.300579000000000178e+03
1.497781920000000000e+09 2.300806000000000040e+03
1.497781980000000000e+09 2.308235999999999876e+03
1.497782040000000000e+09 2.308228999999999814e+03
1.497782100000000000e+09 2.309367999999999938e+03
1.497782160000000000e+09 2.304545000000000073e+03
1.497782220000000000e+09 2.307000000000000000e+03
1.497782280000000000e+09 2.309978000000000065e+03
1.497782340000000000e+09 2.307001000000000204e+03
1.497782400000000000e+09 2.307911000000000058e+03
1.497782460000000000e+09 2.307958000000000084e+03
1.497782520000000000e+09 2.307911999999999807e+03
1.497782580000000000e+09 2.307916999999999916e+03
1.497782640000000000e+09 2.309588999999999942e+03
1.497782700000000000e+09 2.310722000000000207e+03
1.497782760000000000e+09 2.308204999999999927e+03
1.497782820000000000e+09 2.310670000000000073e+03
1.497782880000000000e+09 2.311998999999999796e+03
1.497782940000000000e+09 2.308000000000000000e+03
1.497783000000000000e+09 2.310429999999999836e+03
1.497783060000000000e+09 2.302641000000000076e+03
1.497783120000000000e+09 2.303623999999999796e+03
1.497783180000000000e+09 2.302423999999999978e+03
1.497783240000000000e+09 2.298246000000000095e+03
1.497783300000000000e+09 2.299005000000000109e+03
1.497783360000000000e+09 2.300954000000000178e+03
1.497783420000000000e+09 2.300992000000000189e+03
1.497783480000000000e+09 2.302545000000000073e+03
1.497783540000000000e+09 2.303699999999999818e+03
1.497783600000000000e+09 2.303000000000000000e+03
1.497783660000000000e+09 2.300000000000000000e+03
1.497783720000000000e+09 2.296586999999999989e+03
1.497783780000000000e+09 2.298554000000000087e+03
1.497783840000000000e+09 2.302798999999999978e+03
1.497783900000000000e+09 2.305637999999999920e+03
1.497783960000000000e+09 2.303110999999999876e+03
1.497784020000000000e+09 2.306938000000000102e+03
1.497784080000000000e+09 2.305268000000000029e+03
1.497784140000000000e+09 2.306936999999999898e+03
1.497784200000000000e+09 2.305101000000000113e+03
1.497784260000000000e+09 2.303157999999999902e+03
1.497784320000000000e+09 2.296150999999999840e+03
1.497784380000000000e+09 2.301927000000000135e+03
1.497784440000000000e+09 2.290972999999999956e+03
1.497784500000000000e+09 2.289130000000000109e+03
1.497784560000000000e+09 2.284887999999999920e+03
1.497784620000000000e+09 2.278204000000000178e+03
1.497784680000000000e+09 2.278202999999999975e+03
