1.497781020000000000e+09 3.451800000000000007e-02
1.497781080000000000e+09 3.406000000000000000e-02
1.497781140000000000e+09 3.406000000000000000e-02
1.497781200000000000e+09 3.406000000000000000e-02
1.497781260000000000e+09 3.406000000000000000e-02
1.497781320000000000e+09 3.406000000000000000e-02
1.497781380000000000e+09 3.406000000000000000e-02
1.497781440000000000e+09 3.406000000000000000e-02
1.497781500000000000e+09 3.406000000000000000e-02
1.497781560000000000e+09 3.406000000000000000e-02
1.497781620000000000e+09 3.406000000000000000e-02
1.497781680000000000e+09 3.450000000000000289e-02
1.497781740000000000e+09 3.481399999999999773e-02
1.497781800000000000e+09 3.481399999999999773e-02
1.497781860000000000e+09 3.481499999999999873e-02
1.497781920000000000e+09 3.481499999999999873e-02
1.497781980000000000e+09 3.481499999999999873e-02
1.497782040000000000e+09 3.481499999999999873e-02
1.497782100000000000e+09 3.481499999999999873e-02
1.497782160000000000e+09 3.481399999999999773e-02
1.497782220000000000e+09 3.481399999999999773e-02
1.497782280000000000e+09 3.481399999999999773e-02
1.497782340000000000e+09 3.481100000000000166e-02
1.497782400000000000e+09 3.481100000000000166e-02
1.497782460000000000e+09 3.481499999999999873e-02
1.497782520000000000e+09 3.481499999999999873e-02
1.497782580000000000e+09 3.489400000000000140e-02
1.497782640000000000e+09 3.500000000000000333e-02
1.497782700000000000e+09 3.500000000000000333e-02
1.497782760000000000e+09 3.500000000000000333e-02
1.497782820000000000e+09 3.500000000000000333e-02
1.497782880000000000e+09 3.500000000000000333e-02
1.497782940000000000e+09 3.500000000000000333e-02
1.497783000000000000e+09 3.500000000000000333e-02
1.497783060000000000e+09 3.497999999999999721e-02
1.497783120000000000e+09 3.497999999999999721e-02
1.497783180000000000e+09 3.497999999999999721e-02
1.497783240000000000e+09 3.497999999999999721e-02
1.497783300000000000e+09 3.497999999999999721e-02
1.497783360000000000e+09 3.497999999999999721e-02
1.497783420000000000e+09 3.495999999999999802e-02
1.497783480000000000e+09 3.495999999999999802e-02
1.497783540000000000e+09 3.495999999999999802e-02
1.497783600000000000e+09 3.495999999999999802e-02
1.497783660000000000e+09 3.495999999999999802e-02
1.497783720000000000e+09 3.492699999999999971e-02
1.497783780000000000e+09 3.492499999999999771e-02
1.497783840000000000e+09 3.492399999999999671e-02
1.497783900000000000e+09 3.492399999999999671e-02
1.497783960000000000e+09 3.492399999999999671e-02
1.497784020000000000e+09 3.492399999999999671e-02
1.497784080000000000e+09 3.492399999999999671e-02
1.497784140000000000e+09 3.492399999999999671e-02
1.497784200000000000e+09 3.492399999999999671e-02
1.497784260000000000e+09 3.492399999999999671e-02
1.497784320000000000e+09 3.492499999999999771e-02
1.497784380000000000e+09 3.492499999999999771e-02
1.497784440000000000e+09 3.492399999999999671e-02
1.497784500000000000e+09 3.492399999999999671e-02
1.497784560000000000e+09 3.492399999999999671e-02
1.497784620000000000e+09 3.492399999999999671e-02
1.497784680000000000e+09 3.482999999999999985e-02
