1.497781020000000000e+09 4.579740999999999929e+01
1.497781080000000000e+09 4.579740999999999929e+01
1.497781140000000000e+09 4.579740999999999929e+01
1.497781200000000000e+09 4.579740999999999929e+01
1.497781260000000000e+09 4.553058000000000050e+01
1.497781320000000000e+09 4.553058000000000050e+01
1.497781380000000000e+09 4.560121999999999787e+01
1.497781440000000000e+09 4.579999999999999716e+01
1.497781500000000000e+09 4.579999999999999716e+01
1.497781680000000000e+09 4.579999999999999716e+01
1.497781740000000000e+09 4.600000000000000000e+01
1.497781800000000000e+09 4.600000000000000000e+01
1.497781860000000000e+09 4.616420999999999708e+01
1.497781920000000000e+09 4.616420999999999708e+01
1.497781980000000000e+09 4.616420999999999708e+01
1.497782040000000000e+09 4.616420999999999708e+01
1.497782100000000000e+09 4.580187999999999704e+01
1.497782160000000000e+09 4.580187999999999704e+01
1.497782220000000000e+09 4.580187999999999704e+01
1.497782280000000000e+09 4.580187999999999704e+01
1.497782340000000000e+09 4.580187999999999704e+01
1.497782400000000000e+09 4.616967999999999961e+01
1.497782460000000000e+09 4.616967999999999961e+01
1.497782520000000000e+09 4.639733999999999980e+01
1.497782580000000000e+09 4.639733999999999980e+01
1.497782640000000000e+09 4.639733999999999980e+01
1.497782760000000000e+09 4.639733999999999980e+01
1.497782820000000000e+09 4.639733999999999980e+01
1.497782880000000000e+09 4.639733999999999980e+01
1.497782940000000000e+09 4.639733999999999980e+01
1.497783000000000000e+09 4.639733999999999980e+01
1.497783060000000000e+09 4.639733999999999980e+01
1.497783120000000000e+09 4.639733999999999980e+01
1.497783180000000000e+09 4.639733999999999980e+01
1.497783240000000000e+09 4.639733999999999980e+01
1.497783300000000000e+09 4.639733999999999980e+01
1.497783360000000000e+09 4.639733999999999980e+01
1.497783420000000000e+09 4.639733999999999980e+01
1.497783480000000000e+09 4.613100000000000023e+01
1.497783540000000000e+09 4.613089999999999691e+01
1.497783600000000000e+09 4.613089999999999691e+01
1.497783660000000000e+09 4.613089999999999691e+01
1.497783720000000000e+09 4.613089999999999691e+01
1.497783780000000000e+09 4.586399999999999721e+01
1.497783840000000000e+09 4.586401999999999646e+01
1.497783900000000000e+09 4.614983000000000146e+01
1.497783960000000000e+09 4.614983000000000146e+01
1.497784020000000000e+09 4.614983000000000146e+01
1.497784080000000000e+09 4.614983000000000146e+01
1.497784140000000000e+09 4.614376000000000033e+01
1.497784200000000000e+09 4.614376000000000033e+01
1.497784260000000000e+09 4.614376000000000033e+01
1.497784320000000000e+09 4.614376000000000033e+01
1.497784380000000000e+09 4.614376000000000033e+01
1.497784440000000000e+09 4.614376000000000033e+01
1.497784500000000000e+09 4.585159000000000162e+01
1.497784620000000000e+09 4.585159000000000162e+01
1.497784680000000000e+09 4.585159000000000162e+01
