1.497781020000000000e+09 1.024900000000000030e-04
1.497781080000000000e+09 1.025100000000000062e-04
1.497781140000000000e+09 1.025100000000000062e-04
1.497781200000000000e+09 1.025100000000000062e-04
1.497781260000000000e+09 1.024999999999999978e-04
1.497781320000000000e+09 1.024999999999999978e-04
1.497781380000000000e+09 1.024999999999999978e-04
1.497781440000000000e+09 1.014700000000000026e-04
1.497781500000000000e+09 1.024799999999999946e-04
1.497781560000000000e+09 1.019400000000000032e-04
1.497781620000000000e+09 1.019400000000000032e-04
1.497781680000000000e+09 1.019400000000000032e-04
1.497781740000000000e+09 1.018199999999999975e-04
1.497781800000000000e+09 1.014700000000000026e-04
1.497781860000000000e+09 1.015700000000000050e-04
1.497781920000000000e+09 1.014400000000000046e-04
1.497781980000000000e+09 1.014400000000000046e-04
1.497782040000000000e+09 1.012100000000000017e-04
1.497782100000000000e+09 1.010599999999999980e-04
1.497782160000000000e+09 1.012399999999999997e-04
1.497782220000000000e+09 1.012399999999999997e-04
1.497782280000000000e+09 1.010300000000000000e-04
1.497782340000000000e+09 1.017199999999999951e-04
1.497782400000000000e+09 1.016200000000000062e-04
1.497782460000000000e+09 1.016200000000000062e-04
1.497782520000000000e+09 1.010300000000000000e-04
1.497782580000000000e+09 1.014599999999999942e-04
1.497782640000000000e+09 1.014599999999999942e-04
1.497782700000000000e+09 1.013900000000000033e-04
1.497782760000000000e+09 1.010000000000000020e-04
1.497782820000000000e+09 1.010000000000000020e-04
1.497782880000000000e+09 1.008799999999999964e-04
1.497782940000000000e+09 1.011500000000000056e-04
1.497783000000000000e+09 1.014299999999999962e-04
1.497783060000000000e+09 1.014499999999999994e-04
1.497783120000000000e+09 1.012699999999999977e-04
1.497783180000000000e+09 1.008999999999999996e-04
1.497783240000000000e+09 1.015500000000000018e-04
1.497783300000000000e+09 1.015500000000000018e-04
1.497783360000000000e+09 1.011300000000000024e-04
1.497783420000000000e+09 1.017199999999999951e-04
1.497783480000000000e+09 1.019999999999999992e-04
1.497783540000000000e+09 1.020899999999999933e-04
1.497783660000000000e+09 1.020899999999999933e-04
1.497783720000000000e+09 1.018699999999999987e-04
1.497783780000000000e+09 1.018600000000000039e-04
1.497783840000000000e+09 1.017500000000000067e-04
1.497783900000000000e+09 1.019999999999999992e-04
1.497783960000000000e+09 1.019299999999999948e-04
1.497784020000000000e+09 1.017600000000000015e-04
1.497784080000000000e+09 1.017800000000000047e-04
1.497784140000000000e+09 1.017800000000000047e-04
1.497784200000000000e+09 1.018900000000000019e-04
1.497784260000000000e+09 1.018900000000000019e-04
1.497784320000000000e+09 1.018699999999999987e-04
1.497784440000000000e+09 1.018699999999999987e-04
1.497784500000000000e+09 1.021000000000000016e-04
1.497784560000000000e+09 1.021000000000000016e-04
1.497784620000000000e+09 1.023300000000000045e-04
