1.497781080000000000e+09 3.356141200000000140e+02
1.497781380000000000e+09 3.356141200000000140e+02
1.497781440000000000e+09 3.418953799999999887e+02
1.497781500000000000e+09 3.418953799999999887e+02
1.497781560000000000e+09 3.418953799999999887e+02
1.497781620000000000e+09 3.418953799999999887e+02
1.497781680000000000e+09 3.358190799999999854e+02
1.497781740000000000e+09 3.418945100000000252e+02
1.497781800000000000e+09 3.418945100000000252e+02
1.497781860000000000e+09 3.418941800000000057e+02
1.497781920000000000e+09 3.418941800000000057e+02
1.497781980000000000e+09 3.418941800000000057e+02
1.497782040000000000e+09 3.418941800000000057e+02
1.497782100000000000e+09 3.361999000000000137e+02
1.497782160000000000e+09 3.420000000000000000e+02
1.497782220000000000e+09 3.420000000000000000e+02
1.497782280000000000e+09 3.420000000000000000e+02
1.497782340000000000e+09 3.420000000000000000e+02
1.497782400000000000e+09 3.420000000000000000e+02
1.497782460000000000e+09 3.420000000000000000e+02
1.497782520000000000e+09 3.389767499999999814e+02
1.497782580000000000e+09 3.389767499999999814e+02
1.497782640000000000e+09 3.389767499999999814e+02
1.497782700000000000e+09 3.389767499999999814e+02
1.497782820000000000e+09 3.389767499999999814e+02
1.497782880000000000e+09 3.389767499999999814e+02
1.497782940000000000e+09 3.389767499999999814e+02
1.497783000000000000e+09 3.449745599999999968e+02
1.497783060000000000e+09 3.449745599999999968e+02
1.497783120000000000e+09 3.449697499999999764e+02
1.497783180000000000e+09 3.449697499999999764e+02
1.497783240000000000e+09 3.449697499999999764e+02
1.497783300000000000e+09 3.443435400000000186e+02
1.497783360000000000e+09 3.443435400000000186e+02
1.497783420000000000e+09 3.380012899999999831e+02
1.497783480000000000e+09 3.380012899999999831e+02
1.497783540000000000e+09 3.380012899999999831e+02
1.497783780000000000e+09 3.380012899999999831e+02
1.497783840000000000e+09 3.380012899999999831e+02
1.497783960000000000e+09 3.380012899999999831e+02
1.497784020000000000e+09 3.380012899999999831e+02
1.497784080000000000e+09 3.382897800000000075e+02
1.497784140000000000e+09 3.382897800000000075e+02
1.497784200000000000e+09 3.382897800000000075e+02
1.497784260000000000e+09 3.382897800000000075e+02
1.497784320000000000e+09 3.382897800000000075e+02
1.497784560000000000e+09 3.382897800000000075e+02
1.497784620000000000e+09 3.382897800000000075e+02
1.497784680000000000e+09 3.382897800000000075e+02
1.497784740000000000e+09 3.382897800000000075e+02
